%YAML:1.0

cam0:
  T_imu_cam: #rotation from camera to IMU R_CtoI, position of camera in IMU p_CinI
    - [1.0, 0.0, 0.0, 0.0]
    - [0.0, 1.0, 0.0, 0.0]
    - [0.0, 0.0, 1.0, 0.0]
    - [0.0, 0.0, 0.0, 1.0]
  cam_overlaps: [0]
  camera_model: pinhole
  distortion_coeffs: [0, 0, 0, 0]
  distortion_model: radtan
  intrinsics: [386.9620666503906, 322.93768310546875, 386.9620666503906, 236.665283203125] #fu, fv, cu, cv
  resolution: [640, 480]
  rostopic: /camera/infra1/image_rect_raw
cam1:
  T_imu_cam: #rotation from camera to IMU R_CtoI, position of camera in IMU p_CinI
    - [1.0, 0.0, 0.0, 0.09517697989940643]
    - [0.0, 1.0, 0.0, 0.0]
    - [0.0, 0.0, 1.0, 0.0]
    - [0.0, 0.0, 0.0, 1.0]
  cam_overlaps: [0]
  camera_model: pinhole
  distortion_coeffs: [0, 0, 0, 0]
  distortion_model: radtan
  intrinsics: [386.9620666503906, 322.93768310546875, 386.9620666503906, 236.665283203125] #fu, fv, cu, cv
  resolution: [640, 480]
  rostopic: /camera/infra2/image_rect_raw
